0.000000	0.000000
0.001001	0.000001
0.002002	0.000004
0.003003	0.000009
0.004004	0.000016
0.005005	0.000025
0.006006	0.000036
0.007007	0.000049
0.008008	0.000064
0.009009	0.000081
0.010010	0.000100
0.011011	0.000121
0.012012	0.000144
0.013013	0.000169
0.014014	0.000196
0.015015	0.000225
0.016016	0.000257
0.017017	0.000290
0.018018	0.000325
0.019019	0.000362
0.020020	0.000401
0.021021	0.000442
0.022022	0.000485
0.023023	0.000530
0.024024	0.000577
0.025025	0.000626
0.026026	0.000677
0.027027	0.000730
0.028028	0.000786
0.029029	0.000843
0.030030	0.000902
0.031031	0.000963
0.032032	0.001026
0.033033	0.001091
0.034034	0.001158
0.035035	0.001227
0.036036	0.001299
0.037037	0.001372
0.038038	0.001447
0.039039	0.001524
0.040040	0.001603
0.041041	0.001684
0.042042	0.001768
0.043043	0.001853
0.044044	0.001940
0.045045	0.002029
0.046046	0.002120
0.047047	0.002213
0.048048	0.002309
0.049049	0.002406
0.050050	0.002505
0.051051	0.002606
0.052052	0.002709
0.053053	0.002815
0.054054	0.002922
0.055055	0.003031
0.056056	0.003142
0.057057	0.003256
0.058058	0.003371
0.059059	0.003488
0.060060	0.003607
0.061061	0.003728
0.062062	0.003852
0.063063	0.003977
0.064064	0.004104
0.065065	0.004233
0.066066	0.004365
0.067067	0.004498
0.068068	0.004633
0.069069	0.004771
0.070070	0.004910
0.071071	0.005051
0.072072	0.005194
0.073073	0.005340
0.074074	0.005487
0.075075	0.005636
0.076076	0.005788
0.077077	0.005941
0.078078	0.006096
0.079079	0.006254
0.080080	0.006413
0.081081	0.006574
0.082082	0.006737
0.083083	0.006903
0.084084	0.007070
0.085085	0.007239
0.086086	0.007411
0.087087	0.007584
0.088088	0.007760
0.089089	0.007937
0.090090	0.008116
0.091091	0.008298
0.092092	0.008481
0.093093	0.008666
0.094094	0.008854
0.095095	0.009043
0.096096	0.009234
0.097097	0.009428
0.098098	0.009623
0.099099	0.009821
0.100100	0.010020
0.101101	0.010221
0.102102	0.010425
0.103103	0.010630
0.104104	0.010838
0.105105	0.011047
0.106106	0.011259
0.107107	0.011472
0.108108	0.011687
0.109109	0.011905
0.110110	0.012124
0.111111	0.012346
0.112112	0.012569
0.113113	0.012795
0.114114	0.013022
0.115115	0.013251
0.116116	0.013483
0.117117	0.013716
0.118118	0.013952
0.119119	0.014189
0.120120	0.014429
0.121121	0.014670
0.122122	0.014914
0.123123	0.015159
0.124124	0.015407
0.125125	0.015656
0.126126	0.015908
0.127127	0.016161
0.128128	0.016417
0.129129	0.016674
0.130130	0.016934
0.131131	0.017195
0.132132	0.017459
0.133133	0.017724
0.134134	0.017992
0.135135	0.018262
0.136136	0.018533
0.137137	0.018807
0.138138	0.019082
0.139139	0.019360
0.140140	0.019639
0.141141	0.019921
0.142142	0.020204
0.143143	0.020490
0.144144	0.020778
0.145145	0.021067
0.146146	0.021359
0.147147	0.021652
0.148148	0.021948
0.149149	0.022245
0.150150	0.022545
0.151151	0.022847
0.152152	0.023150
0.153153	0.023456
0.154154	0.023764
0.155155	0.024073
0.156156	0.024385
0.157157	0.024698
0.158158	0.025014
0.159159	0.025332
0.160160	0.025651
0.161161	0.025973
0.162162	0.026297
0.163163	0.026622
0.164164	0.026950
0.165165	0.027280
0.166166	0.027611
0.167167	0.027945
0.168168	0.028281
0.169169	0.028618
0.170170	0.028958
0.171171	0.029300
0.172172	0.029643
0.173173	0.029989
0.174174	0.030337
0.175175	0.030686
0.176176	0.031038
0.177177	0.031392
0.178178	0.031747
0.179179	0.032105
0.180180	0.032465
0.181181	0.032827
0.182182	0.033190
0.183183	0.033556
0.184184	0.033924
0.185185	0.034294
0.186186	0.034665
0.187187	0.035039
0.188188	0.035415
0.189189	0.035793
0.190190	0.036172
0.191191	0.036554
0.192192	0.036938
0.193193	0.037324
0.194194	0.037711
0.195195	0.038101
0.196196	0.038493
0.197197	0.038887
0.198198	0.039283
0.199199	0.039680
0.200200	0.040080
0.201201	0.040482
0.202202	0.040886
0.203203	0.041292
0.204204	0.041699
0.205205	0.042109
0.206206	0.042521
0.207207	0.042935
0.208208	0.043351
0.209209	0.043768
0.210210	0.044188
0.211211	0.044610
0.212212	0.045034
0.213213	0.045460
0.214214	0.045888
0.215215	0.046318
0.216216	0.046749
0.217217	0.047183
0.218218	0.047619
0.219219	0.048057
0.220220	0.048497
0.221221	0.048939
0.222222	0.049383
0.223223	0.049829
0.224224	0.050277
0.225225	0.050726
0.226226	0.051178
0.227227	0.051632
0.228228	0.052088
0.229229	0.052546
0.230230	0.053006
0.231231	0.053468
0.232232	0.053932
0.233233	0.054398
0.234234	0.054866
0.235235	0.055336
0.236236	0.055808
0.237237	0.056282
0.238238	0.056757
0.239239	0.057235
0.240240	0.057715
0.241241	0.058197
0.242242	0.058681
0.243243	0.059167
0.244244	0.059655
0.245245	0.060145
0.246246	0.060637
0.247247	0.061131
0.248248	0.061627
0.249249	0.062125
0.250250	0.062625
0.251251	0.063127
0.252252	0.063631
0.253253	0.064137
0.254254	0.064645
0.255255	0.065155
0.256256	0.065667
0.257257	0.066181
0.258258	0.066697
0.259259	0.067215
0.260260	0.067735
0.261261	0.068257
0.262262	0.068781
0.263263	0.069308
0.264264	0.069836
0.265265	0.070366
0.266266	0.070898
0.267267	0.071432
0.268268	0.071968
0.269269	0.072506
0.270270	0.073046
0.271271	0.073588
0.272272	0.074132
0.273273	0.074678
0.274274	0.075226
0.275275	0.075776
0.276276	0.076329
0.277277	0.076883
0.278278	0.077439
0.279279	0.077997
0.280280	0.078557
0.281281	0.079119
0.282282	0.079683
0.283283	0.080249
0.284284	0.080818
0.285285	0.081388
0.286286	0.081960
0.287287	0.082534
0.288288	0.083110
0.289289	0.083688
0.290290	0.084268
0.291291	0.084851
0.292292	0.085435
0.293293	0.086021
0.294294	0.086609
0.295295	0.087199
0.296296	0.087791
0.297297	0.088386
0.298298	0.088982
0.299299	0.089580
0.300300	0.090180
0.301301	0.090782
0.302302	0.091387
0.303303	0.091993
0.304304	0.092601
0.305305	0.093211
0.306306	0.093824
0.307307	0.094438
0.308308	0.095054
0.309309	0.095672
0.310310	0.096292
0.311311	0.096915
0.312312	0.097539
0.313313	0.098165
0.314314	0.098793
0.315315	0.099424
0.316316	0.100056
0.317317	0.100690
0.318318	0.101327
0.319319	0.101965
0.320320	0.102605
0.321321	0.103247
0.322322	0.103892
0.323323	0.104538
0.324324	0.105186
0.325325	0.105837
0.326326	0.106489
0.327327	0.107143
0.328328	0.107799
0.329329	0.108458
0.330330	0.109118
0.331331	0.109780
0.332332	0.110445
0.333333	0.111111
0.334334	0.111779
0.335335	0.112450
0.336336	0.113122
0.337337	0.113796
0.338338	0.114473
0.339339	0.115151
0.340340	0.115832
0.341341	0.116514
0.342342	0.117198
0.343343	0.117885
0.344344	0.118573
0.345345	0.119263
0.346346	0.119956
0.347347	0.120650
0.348348	0.121347
0.349349	0.122045
0.350350	0.122745
0.351351	0.123448
0.352352	0.124152
0.353353	0.124859
0.354354	0.125567
0.355355	0.126277
0.356356	0.126990
0.357357	0.127704
0.358358	0.128421
0.359359	0.129139
0.360360	0.129860
0.361361	0.130582
0.362362	0.131306
0.363363	0.132033
0.364364	0.132761
0.365365	0.133492
0.366366	0.134224
0.367367	0.134959
0.368368	0.135695
0.369369	0.136434
0.370370	0.137174
0.371371	0.137917
0.372372	0.138661
0.373373	0.139408
0.374374	0.140156
0.375375	0.140907
0.376376	0.141659
0.377377	0.142414
0.378378	0.143170
0.379379	0.143929
0.380380	0.144689
0.381381	0.145452
0.382382	0.146216
0.383383	0.146983
0.384384	0.147751
0.385385	0.148522
0.386386	0.149294
0.387387	0.150069
0.388388	0.150846
0.389389	0.151624
0.390390	0.152405
0.391391	0.153187
0.392392	0.153972
0.393393	0.154758
0.394394	0.155547
0.395395	0.156338
0.396396	0.157130
0.397397	0.157925
0.398398	0.158721
0.399399	0.159520
0.400400	0.160320
0.401401	0.161123
0.402402	0.161928
0.403403	0.162734
0.404404	0.163543
0.405405	0.164354
0.406406	0.165166
0.407407	0.165981
0.408408	0.166797
0.409409	0.167616
0.410410	0.168437
0.411411	0.169259
0.412412	0.170084
0.413413	0.170911
0.414414	0.171739
0.415415	0.172570
0.416416	0.173403
0.417417	0.174237
0.418418	0.175074
0.419419	0.175913
0.420420	0.176753
0.421421	0.177596
0.422422	0.178441
0.423423	0.179287
0.424424	0.180136
0.425425	0.180987
0.426426	0.181839
0.427427	0.182694
0.428428	0.183551
0.429429	0.184410
0.430430	0.185270
0.431431	0.186133
0.432432	0.186998
0.433433	0.187865
0.434434	0.188733
0.435435	0.189604
0.436436	0.190477
0.437437	0.191352
0.438438	0.192228
0.439439	0.193107
0.440440	0.193988
0.441441	0.194871
0.442442	0.195755
0.443443	0.196642
0.444444	0.197531
0.445445	0.198422
0.446446	0.199314
0.447447	0.200209
0.448448	0.201106
0.449449	0.202005
0.450450	0.202906
0.451451	0.203808
0.452452	0.204713
0.453453	0.205620
0.454454	0.206529
0.455455	0.207440
0.456456	0.208352
0.457457	0.209267
0.458458	0.210184
0.459459	0.211103
0.460460	0.212024
0.461461	0.212947
0.462462	0.213872
0.463463	0.214798
0.464464	0.215727
0.465465	0.216658
0.466466	0.217591
0.467467	0.218526
0.468468	0.219463
0.469469	0.220402
0.470470	0.221342
0.471471	0.222285
0.472472	0.223230
0.473473	0.224177
0.474474	0.225126
0.475475	0.226077
0.476476	0.227030
0.477477	0.227985
0.478478	0.228942
0.479479	0.229901
0.480480	0.230861
0.481481	0.231824
0.482482	0.232789
0.483483	0.233756
0.484484	0.234725
0.485485	0.235696
0.486486	0.236669
0.487487	0.237644
0.488488	0.238621
0.489489	0.239600
0.490490	0.240581
0.491491	0.241564
0.492492	0.242549
0.493493	0.243536
0.494494	0.244525
0.495495	0.245516
0.496496	0.246509
0.497497	0.247504
0.498498	0.248501
0.499499	0.249500
0.500501	0.250501
0.501502	0.251504
0.502503	0.252509
0.503504	0.253516
0.504505	0.254525
0.505506	0.255536
0.506507	0.256549
0.507508	0.257564
0.508509	0.258581
0.509510	0.259600
0.510511	0.260621
0.511512	0.261644
0.512513	0.262669
0.513514	0.263696
0.514515	0.264725
0.515516	0.265756
0.516517	0.266789
0.517518	0.267824
0.518519	0.268861
0.519520	0.269901
0.520521	0.270942
0.521522	0.271985
0.522523	0.273030
0.523524	0.274077
0.524525	0.275126
0.525526	0.276177
0.526527	0.277230
0.527528	0.278285
0.528529	0.279342
0.529530	0.280402
0.530531	0.281463
0.531532	0.282526
0.532533	0.283591
0.533534	0.284658
0.534535	0.285727
0.535536	0.286798
0.536537	0.287871
0.537538	0.288947
0.538539	0.290024
0.539540	0.291103
0.540541	0.292184
0.541542	0.293267
0.542543	0.294352
0.543544	0.295440
0.544545	0.296529
0.545546	0.297620
0.546547	0.298713
0.547548	0.299808
0.548549	0.300906
0.549550	0.302005
0.550551	0.303106
0.551552	0.304209
0.552553	0.305314
0.553554	0.306422
0.554555	0.307531
0.555556	0.308642
0.556557	0.309755
0.557558	0.310870
0.558559	0.311988
0.559560	0.313107
0.560561	0.314228
0.561562	0.315351
0.562563	0.316477
0.563564	0.317604
0.564565	0.318733
0.565566	0.319864
0.566567	0.320998
0.567568	0.322133
0.568569	0.323270
0.569570	0.324409
0.570571	0.325551
0.571572	0.326694
0.572573	0.327839
0.573574	0.328987
0.574575	0.330136
0.575576	0.331287
0.576577	0.332441
0.577578	0.333596
0.578579	0.334753
0.579580	0.335912
0.580581	0.337074
0.581582	0.338237
0.582583	0.339402
0.583584	0.340570
0.584585	0.341739
0.585586	0.342910
0.586587	0.344084
0.587588	0.345259
0.588589	0.346437
0.589590	0.347616
0.590591	0.348797
0.591592	0.349981
0.592593	0.351166
0.593594	0.352353
0.594595	0.353543
0.595596	0.354734
0.596597	0.355927
0.597598	0.357123
0.598599	0.358320
0.599600	0.359520
0.600601	0.360721
0.601602	0.361924
0.602603	0.363130
0.603604	0.364337
0.604605	0.365547
0.605606	0.366758
0.606607	0.367972
0.607608	0.369187
0.608609	0.370404
0.609610	0.371624
0.610611	0.372845
0.611612	0.374069
0.612613	0.375294
0.613614	0.376522
0.614615	0.377751
0.615616	0.378983
0.616617	0.380216
0.617618	0.381452
0.618619	0.382689
0.619620	0.383928
0.620621	0.385170
0.621622	0.386413
0.622623	0.387659
0.623624	0.388906
0.624625	0.390156
0.625626	0.391407
0.626627	0.392661
0.627628	0.393916
0.628629	0.395174
0.629630	0.396433
0.630631	0.397695
0.631632	0.398959
0.632633	0.400224
0.633634	0.401492
0.634635	0.402761
0.635636	0.404033
0.636637	0.405306
0.637638	0.406582
0.638639	0.407859
0.639640	0.409139
0.640641	0.410420
0.641642	0.411704
0.642643	0.412990
0.643644	0.414277
0.644645	0.415567
0.645646	0.416858
0.646647	0.418152
0.647648	0.419447
0.648649	0.420745
0.649650	0.422045
0.650651	0.423346
0.651652	0.424650
0.652653	0.425955
0.653654	0.427263
0.654655	0.428573
0.655656	0.429884
0.656657	0.431198
0.657658	0.432514
0.658659	0.433831
0.659660	0.435151
0.660661	0.436473
0.661662	0.437796
0.662663	0.439122
0.663664	0.440449
0.664665	0.441779
0.665666	0.443111
0.666667	0.444444
0.667668	0.445780
0.668669	0.447118
0.669670	0.448457
0.670671	0.449799
0.671672	0.451143
0.672673	0.452489
0.673674	0.453836
0.674675	0.455186
0.675676	0.456538
0.676677	0.457891
0.677678	0.459247
0.678679	0.460605
0.679680	0.461964
0.680681	0.463326
0.681682	0.464690
0.682683	0.466056
0.683684	0.467423
0.684685	0.468793
0.685686	0.470165
0.686687	0.471539
0.687688	0.472914
0.688689	0.474292
0.689690	0.475672
0.690691	0.477054
0.691692	0.478437
0.692693	0.479823
0.693694	0.481211
0.694695	0.482601
0.695696	0.483993
0.696697	0.485386
0.697698	0.486782
0.698699	0.488180
0.699700	0.489580
0.700701	0.490981
0.701702	0.492385
0.702703	0.493791
0.703704	0.495199
0.704705	0.496609
0.705706	0.498021
0.706707	0.499434
0.707708	0.500850
0.708709	0.502268
0.709710	0.503688
0.710711	0.505110
0.711712	0.506534
0.712713	0.507959
0.713714	0.509387
0.714715	0.510817
0.715716	0.512249
0.716717	0.513683
0.717718	0.515119
0.718719	0.516557
0.719720	0.517996
0.720721	0.519438
0.721722	0.520882
0.722723	0.522328
0.723724	0.523776
0.724725	0.525226
0.725726	0.526678
0.726727	0.528132
0.727728	0.529588
0.728729	0.531046
0.729730	0.532505
0.730731	0.533967
0.731732	0.535431
0.732733	0.536897
0.733734	0.538365
0.734735	0.539835
0.735736	0.541307
0.736737	0.542781
0.737738	0.544257
0.738739	0.545735
0.739740	0.547215
0.740741	0.548697
0.741742	0.550181
0.742743	0.551667
0.743744	0.553155
0.744745	0.554645
0.745746	0.556137
0.746747	0.557631
0.747748	0.559127
0.748749	0.560625
0.749750	0.562125
0.750751	0.563627
0.751752	0.565131
0.752753	0.566637
0.753754	0.568145
0.754755	0.569655
0.755756	0.571167
0.756757	0.572681
0.757758	0.574197
0.758759	0.575715
0.759760	0.577235
0.760761	0.578757
0.761762	0.580281
0.762763	0.581807
0.763764	0.583335
0.764765	0.584865
0.765766	0.586397
0.766767	0.587931
0.767768	0.589467
0.768769	0.591005
0.769770	0.592545
0.770771	0.594088
0.771772	0.595632
0.772773	0.597178
0.773774	0.598726
0.774775	0.600276
0.775776	0.601828
0.776777	0.603382
0.777778	0.604938
0.778779	0.606496
0.779780	0.608057
0.780781	0.609619
0.781782	0.611183
0.782783	0.612749
0.783784	0.614317
0.784785	0.615887
0.785786	0.617459
0.786787	0.619033
0.787788	0.620610
0.788789	0.622188
0.789790	0.623768
0.790791	0.625350
0.791792	0.626934
0.792793	0.628520
0.793794	0.630109
0.794795	0.631699
0.795796	0.633291
0.796797	0.634885
0.797798	0.636481
0.798799	0.638080
0.799800	0.639680
0.800801	0.641282
0.801802	0.642886
0.802803	0.644492
0.803804	0.646101
0.804805	0.647711
0.805806	0.649323
0.806807	0.650937
0.807808	0.652553
0.808809	0.654172
0.809810	0.655792
0.810811	0.657414
0.811812	0.659038
0.812813	0.660665
0.813814	0.662293
0.814815	0.663923
0.815816	0.665555
0.816817	0.667190
0.817818	0.668826
0.818819	0.670464
0.819820	0.672105
0.820821	0.673747
0.821822	0.675391
0.822823	0.677037
0.823824	0.678686
0.824825	0.680336
0.825826	0.681988
0.826827	0.683643
0.827828	0.685299
0.828829	0.686957
0.829830	0.688618
0.830831	0.690280
0.831832	0.691944
0.832833	0.693611
0.833834	0.695279
0.834835	0.696949
0.835836	0.698622
0.836837	0.700296
0.837838	0.701972
0.838839	0.703651
0.839840	0.705331
0.840841	0.707013
0.841842	0.708698
0.842843	0.710384
0.843844	0.712072
0.844845	0.713763
0.845846	0.715455
0.846847	0.717150
0.847848	0.718846
0.848849	0.720544
0.849850	0.722245
0.850851	0.723947
0.851852	0.725652
0.852853	0.727358
0.853854	0.729066
0.854855	0.730777
0.855856	0.732489
0.856857	0.734204
0.857858	0.735920
0.858859	0.737639
0.859860	0.739359
0.860861	0.741081
0.861862	0.742806
0.862863	0.744532
0.863864	0.746261
0.864865	0.747991
0.865866	0.749724
0.866867	0.751458
0.867868	0.753195
0.868869	0.754933
0.869870	0.756674
0.870871	0.758416
0.871872	0.760161
0.872873	0.761907
0.873874	0.763656
0.874875	0.765406
0.875876	0.767159
0.876877	0.768913
0.877878	0.770670
0.878879	0.772428
0.879880	0.774189
0.880881	0.775951
0.881882	0.777716
0.882883	0.779482
0.883884	0.781251
0.884885	0.783021
0.885886	0.784794
0.886887	0.786568
0.887888	0.788345
0.888889	0.790123
0.889890	0.791904
0.890891	0.793687
0.891892	0.795471
0.892893	0.797258
0.893894	0.799046
0.894895	0.800837
0.895896	0.802629
0.896897	0.804424
0.897898	0.806221
0.898899	0.808019
0.899900	0.809820
0.900901	0.811622
0.901902	0.813427
0.902903	0.815234
0.903904	0.817042
0.904905	0.818853
0.905906	0.820666
0.906907	0.822480
0.907908	0.824297
0.908909	0.826115
0.909910	0.827936
0.910911	0.829759
0.911912	0.831583
0.912913	0.833410
0.913914	0.835239
0.914915	0.837069
0.915916	0.838902
0.916917	0.840737
0.917918	0.842573
0.918919	0.844412
0.919920	0.846253
0.920921	0.848095
0.921922	0.849940
0.922923	0.851787
0.923924	0.853635
0.924925	0.855486
0.925926	0.857339
0.926927	0.859194
0.927928	0.861050
0.928929	0.862909
0.929930	0.864770
0.930931	0.866632
0.931932	0.868497
0.932933	0.870364
0.933934	0.872233
0.934935	0.874103
0.935936	0.875976
0.936937	0.877851
0.937938	0.879728
0.938939	0.881606
0.939940	0.883487
0.940941	0.885370
0.941942	0.887255
0.942943	0.889141
0.943944	0.891030
0.944945	0.892921
0.945946	0.894814
0.946947	0.896709
0.947948	0.898605
0.948949	0.900504
0.949950	0.902405
0.950951	0.904308
0.951952	0.906213
0.952953	0.908119
0.953954	0.910028
0.954955	0.911939
0.955956	0.913852
0.956957	0.915767
0.957958	0.917683
0.958959	0.919602
0.959960	0.921523
0.960961	0.923446
0.961962	0.925371
0.962963	0.927298
0.963964	0.929227
0.964965	0.931157
0.965966	0.933090
0.966967	0.935025
0.967968	0.936962
0.968969	0.938901
0.969970	0.940842
0.970971	0.942785
0.971972	0.944730
0.972973	0.946676
0.973974	0.948625
0.974975	0.950576
0.975976	0.952529
0.976977	0.954484
0.977978	0.956441
0.978979	0.958400
0.979980	0.960361
0.980981	0.962324
0.981982	0.964289
0.982983	0.966256
0.983984	0.968224
0.984985	0.970195
0.985986	0.972168
0.986987	0.974143
0.987988	0.976120
0.988989	0.978099
0.989990	0.980080
0.990991	0.982063
0.991992	0.984048
0.992993	0.986035
0.993994	0.988024
0.994995	0.990015
0.995996	0.992008
0.996997	0.994003
0.997998	0.996000
0.998999	0.997999
1.000000	1.000000
